kinematics:
  shoulder:
    x: 0
    y: 0
    z: 0.18085700818908731
    roll: -0
    pitch: 0
    yaw: -1.1579322857155348e-07
  upper_arm:
    x: 2.7763164049067897e-05
    y: 0
    z: 0
    roll: 1.5711681603738785
    pitch: 0
    yaw: 5.9977404485385278e-06
  forearm:
    x: -0.61187715837753476
    y: 0
    z: 0
    roll: 0.00092332844625952224
    pitch: -0.0012619510100075134
    yaw: -1.592768205306922e-06
  wrist_1:
    x: -0.57098507993726078
    y: 0.00033877954030006363
    z: 0.17458212232074588
    roll: 3.1396521392315022
    pitch: 3.1412417549142373
    yaw: -3.1415923489856246
  wrist_2:
    x: 7.8780710097335982e-05
    y: -0.11974992284619292
    z: 2.4865237854158424e-05
    roll: 1.570588683759262
    pitch: 0
    yaw: 6.0845423259688058e-07
  wrist_3:
    x: 1.2066794227922991e-05
    y: 0.11567296868169664
    z: -5.6201473014967926e-05
    roll: 1.5703104616076096
    pitch: 3.1415926535897931
    yaw: 3.1415925926838284
  hash: calib_13611242180138979820